"SubjectID","Activity","mean.X","mean.Y","mean.Z","sd.x","sd.y","sd.z"
1,"LAYING",0.22159824394,-0.0405139534294,-0.11320355358,0.122957401949122,0.331177484007337,0.288552886794704
1,"SITTING",0.261237565425532,-0.00130828765170213,-0.104544182255319,0.0516968225656247,0.151866471015858,0.138360678594562
1,"STANDING",0.278917629056604,-0.0161375901037736,-0.110601817735849,0.0052741393229331,0.0363316416378927,0.0274481084909406
1,"WALKING",0.277330758736842,-0.0173838185273684,-0.111148103547368,0.067978132739783,0.0871784521583147,0.0620301284304813
1,"WALKING_DOWNSTAIRS",0.289188320408163,-0.00991850461020408,-0.107566190908163,0.0932064414062365,0.155150625438384,0.0844507786909177
1,"WALKING_UPSTAIRS",0.255461689622641,-0.0239531492643396,-0.0973020020943396,0.0535479656604657,0.100049786094941,0.0500333179018807
2,"LAYING",0.281373403958333,-0.0181587397583333,-0.107245610416667,0.0385646808805985,0.029959634459228,0.0209994294726935
2,"SITTING",0.27708735173913,-0.0156879937282609,-0.109218272456522,0.0324086421660716,0.0891489476079673,0.0740754031291257
2,"STANDING",0.277911472222222,-0.0184208270166667,-0.105908536055556,0.0157461115863264,0.0397962517709394,0.0740321338224154
2,"WALKING",0.276426586440678,-0.0185949199145763,-0.105500357966102,0.0526930914770698,0.0876065936139326,0.0434882428774878
2,"WALKING_DOWNSTAIRS",0.27761534806383,-0.0226614158361702,-0.116812942382979,0.126323626387262,0.164539199131836,0.207527025642952
2,"WALKING_UPSTAIRS",0.247164790395833,-0.0214121132045833,-0.152513899520833,0.0815509182224512,0.0784284125840391,0.18944945583691
3,"LAYING",0.275516852741935,-0.0189556785048387,-0.101300477506452,0.0172084446843359,0.0498852644268666,0.0526452582960393
3,"SITTING",0.257197599134615,-0.00350299841730769,-0.0983579203269231,0.04966373789186,0.213992191746784,0.22336355448176
3,"STANDING",0.280046513278689,-0.0143376555065574,-0.101621722633148,0.0365144461698713,0.0893730435452995,0.124276330263473
3,"WALKING",0.275567462068966,-0.0171767844203448,-0.112674859827586,0.081848000636302,0.0840809750709762,0.0433219181878926
3,"WALKING_DOWNSTAIRS",0.292423484693878,-0.0193554079328571,-0.116139842908163,0.158551678507532,0.189273504432402,0.100966837022211
3,"WALKING_UPSTAIRS",0.260819873067797,-0.0324109410555932,-0.110064863437288,0.0872302724546861,0.115851818506142,0.0652419989195194
4,"LAYING",0.263559214981481,-0.0150031841055556,-0.110688150314815,0.105115065374485,0.106389390803717,0.0498607914500948
4,"SITTING",0.27153827992,-0.007163065158,-0.10587459588,0.0242399233547163,0.179158779734263,0.121528975044388
4,"STANDING",0.280499745892857,-0.00948911098553571,-0.0961574905535714,0.0388450686286253,0.170174666987024,0.127706173825571
4,"WALKING",0.278582015166667,-0.0148399475341667,-0.11140306485,0.0452027040937335,0.103093269288627,0.0485701078378306
4,"WALKING_DOWNSTAIRS",0.279965329555556,-0.00980200850666667,-0.1067775246,0.165885167635715,0.149295451863569,0.0575302934244457
4,"WALKING_UPSTAIRS",0.270876696730769,-0.0319804295729615,-0.114219455519231,0.0751013575959392,0.0918730507423163,0.0544590037260259
5,"LAYING",0.278334325576923,-0.0183042123269231,-0.107937603673077,0.0637802383642259,0.0385196635842144,0.0347700252329703
5,"SITTING",0.273694139545455,-0.00990083527045455,-0.108540300265909,0.0179357328410064,0.160708660836117,0.0840665583758947
5,"STANDING",0.282544390892857,-0.00700418554517857,-0.102171095696429,0.0412656793820786,0.15863887443926,0.148863163868456
5,"WALKING",0.27784234625,-0.0172850317482679,-0.107741776464286,0.142228495741582,0.0926102061406928,0.0570937299424293
5,"WALKING_DOWNSTAIRS",0.29354392712766,-0.00850107533191489,-0.100319930659574,0.118160135360346,0.194142287992469,0.0674312378897514
5,"WALKING_UPSTAIRS",0.268459469914894,-0.0325269755153191,-0.107471453914894,0.0837541113158749,0.125203550760691,0.0741267203390357
6,"LAYING",0.248656520140351,-0.0102529170561404,-0.133119570368421,0.151948664730761,0.152057088604197,0.111735231644563
6,"SITTING",0.276778487454545,-0.0145911615290909,-0.110127728709091,0.0178855206894757,0.0871785258085262,0.0647735075134882
6,"STANDING",0.280346248596491,-0.0181236327175439,-0.112172831947368,0.021305696597399,0.0664296875345012,0.0711178378411802
6,"WALKING",0.283658868070175,-0.0168954189082456,-0.110303165877193,0.0659049131850276,0.109671992909463,0.0980529054392464
6,"WALKING_DOWNSTAIRS",0.277045258145833,-0.019536840063125,-0.107209356208333,0.0803490331684651,0.160444377243891,0.228567592818057
6,"WALKING_UPSTAIRS",0.268229355098039,-0.0272425385070588,-0.122082438784314,0.0501491085551946,0.0885171799758256,0.133399229340604
7,"LAYING",0.250176694038462,-0.0204411516884615,-0.101361036576923,0.10701975087485,0.125168803441703,0.0925581387278665
7,"SITTING",0.284674637291667,-0.01461097580375,-0.122464597625,0.0668746430432182,0.149536328357544,0.236102075162264
7,"STANDING",0.282723539433962,-0.0145740341037736,-0.0997778303207547,0.018051490433382,0.087994041503316,0.0901907238633754
7,"WALKING",0.275592961754386,-0.018653665345614,-0.110912234947368,0.0960557916987379,0.207177244955872,0.130959777744749
7,"WALKING_DOWNSTAIRS",0.28030708,-0.0166332372978723,-0.096938308587234,0.173790891837221,0.211689581089966,0.23677422012416
7,"WALKING_UPSTAIRS",0.248706923078431,-0.0275639005607843,-0.143769688803922,0.0804003935139821,0.0890619896255545,0.103392151301313
8,"LAYING",0.261254282907407,-0.0212281733881481,-0.102245365611111,0.103568123755782,0.13740572945088,0.160655385656192
8,"SITTING",0.267491472934783,-0.00672550621304348,-0.104461049130435,0.0371472710199245,0.187941332947404,0.123383409009364
8,"STANDING",0.279620986111111,-0.0148113067148148,-0.106114996837037,0.0260809572430625,0.111049829864765,0.195060448733663
8,"WALKING",0.27468631,-0.0186628865310417,-0.107252090833333,0.0893149606783518,0.104264547787224,0.250928988787316
8,"WALKING_DOWNSTAIRS",0.283484089210526,-0.0211058674973684,-0.107598135394737,0.0899753925981644,0.189054633137946,0.142750360184194
8,"WALKING_UPSTAIRS",0.258880152048781,-0.0282415136341463,-0.11512211995122,0.068574465465678,0.106654550473958,0.127588375929227
9,"LAYING",0.2591955368,-0.020526821662,-0.10754972144,0.0959625907596203,0.0645867478732624,0.0609921077206544
9,"SITTING",0.24832674354,-0.02701677698,-0.07537846886,0.0712931983249878,0.187378000096473,0.270407065437218
9,"STANDING",0.282310057333333,-0.0200454954022222,-0.0952747481333333,0.0280200319660112,0.0860123148709972,0.0918471848432771
9,"WALKING",0.278502842115385,-0.0180891971284423,-0.110820512307692,0.0910378594138694,0.0815625555496695,0.0635412137896866
9,"WALKING_DOWNSTAIRS",0.295923445,-0.0203994269075476,-0.0910278793952381,0.0955886754076755,0.182291479716266,0.295789938103268
9,"WALKING_UPSTAIRS",0.262436475714286,-0.0195101099975714,-0.125219003959184,0.104874933180813,0.0939556607543536,0.167609206940596
10,"LAYING",0.280230574137931,-0.024294484137931,-0.117168642362069,0.0645452536000763,0.119083059428967,0.112756608307461
10,"SITTING",0.270612056481481,-0.015042681852037,-0.104253238796296,0.0314080368784266,0.189386606833465,0.0627590626140653
10,"STANDING",0.276650300681818,-0.0155418603409091,-0.107964083931818,0.0267501690449861,0.0726562441081217,0.0734195355739015
10,"WALKING",0.278574076603774,-0.017022351190566,-0.109057512132075,0.103416442561991,0.158153823758574,0.058228747448358
10,"WALKING_DOWNSTAIRS",0.290401594315789,-0.0200050770710526,-0.110848597247368,0.0812286994494842,0.206431747934595,0.0768202532240256
10,"WALKING_UPSTAIRS",0.267121853404255,-0.0143854920340426,-0.118180420834043,0.096905811601093,0.110645488742851,0.167583463427796
11,"LAYING",0.280592970877193,-0.0176598052315789,-0.108786578070175,0.0256438481696069,0.0460200795175218,0.0432271041635904
11,"SITTING",0.276590197358491,-0.0149195616754717,-0.112840218339623,0.0178165874858951,0.143666539197246,0.0437471011862538
11,"STANDING",0.277715562765957,-0.0171990886595745,-0.108686630425532,0.00671878838103484,0.0410151536353958,0.00999135142705793
11,"WALKING",0.271821892881356,-0.0166475833623729,-0.106096304033898,0.0665232491945296,0.102599717235434,0.0427512031000157
11,"WALKING_DOWNSTAIRS",0.291605631956522,-0.0178097721219565,-0.111070149978261,0.100888733753125,0.118436696444656,0.0704232448978908
11,"WALKING_UPSTAIRS",0.263775859277778,-0.0303157822055556,-0.106797216481481,0.0518969022198972,0.0767762312946589,0.0550031700431883
12,"LAYING",0.260113433,-0.0175203917146667,-0.108160125666667,0.0831659321603789,0.072431883069568,0.0743213499227559
12,"SITTING",0.275007224901961,-0.0157892988523529,-0.106307228960784,0.015248811340868,0.0780084972522111,0.0510020511524781
12,"STANDING",0.277405834918033,-0.0169002543196721,-0.105526999754098,0.0228523344192704,0.0741002999305654,0.156546900667488
12,"WALKING",0.2771286656,-0.015560927606,-0.10316110632,0.0872759090918111,0.118638538843522,0.136502783264239
12,"WALKING_DOWNSTAIRS",0.281521097391304,-0.018084266865793,-0.10955593226087,0.135719870240496,0.309482810207429,0.106170377121605
12,"WALKING_UPSTAIRS",0.272970338653846,-0.0263574903403846,-0.107339730115385,0.0616218748455592,0.111007437596968,0.0678663756253643
13,"LAYING",0.276716360483871,-0.020440454366129,-0.104331864532258,0.0487887155536645,0.0549476466000748,0.0678865774917462
13,"SITTING",0.274328499591837,-0.00587732936326531,-0.0972465110836735,0.0235492397077351,0.146469475533272,0.183093564041013
13,"STANDING",0.277758431052632,-0.0167891993964912,-0.112124137754386,0.011509832224798,0.0582069118076442,0.0267494716642382
13,"WALKING",0.275883130350877,-0.0185660651947368,-0.111431456192982,0.0670630023459018,0.218882091564496,0.182514789312838
13,"WALKING_DOWNSTAIRS",0.294907553404255,-0.0143723839108511,-0.101993941531915,0.161069395804358,0.200574651565834,0.126393433637005
13,"WALKING_UPSTAIRS",0.258203939581818,-0.0277392253910909,-0.125767265890909,0.0750796507537126,0.245306608849791,0.162433101715615
14,"LAYING",0.233275439803922,-0.0113424652490196,-0.0868333315509804,0.187432403389542,0.154930527662831,0.235929979223855
14,"SITTING",0.279990577037037,-0.00870565463888889,-0.100401490425926,0.0412397701981645,0.147895047441531,0.130372534219129
14,"STANDING",0.280545613833333,-0.01520781344,-0.103817701790667,0.0287121414887071,0.0708640046710599,0.0919076690581503
14,"WALKING",0.271959598644068,-0.0217785380966102,-0.106756369135593,0.0623851540766179,0.0655585518463038,0.090753537940836
14,"WALKING_DOWNSTAIRS",0.293422115555556,-0.0200141413657778,-0.0928330165533333,0.0891600506737459,0.1804034962155,0.221584466475692
14,"WALKING_UPSTAIRS",0.26242106612963,-0.0204388180024074,-0.112279688983333,0.0653911688986228,0.126399541393051,0.137799051580628
15,"LAYING",0.2894756525,-0.0166296542054167,-0.118530240291667,0.0431142694120059,0.0612359237825282,0.122566646898039
15,"SITTING",0.27290337979661,-0.0117188472271186,-0.11366125320339,0.0214707024523866,0.191808818605896,0.104095637200069
15,"STANDING",0.278915803962264,-0.0183516360396226,-0.105910832679245,0.0151195602543064,0.0798823491359738,0.0740418526654115
15,"WALKING",0.273899207962963,-0.0170809740090741,-0.107621819518519,0.0897980100889306,0.126422435570247,0.0943655576769492
15,"WALKING_DOWNSTAIRS",0.280198851190476,-0.00563047804309524,-0.110526066428571,0.0975636897768871,0.138343081777009,0.0525546185554908
15,"WALKING_UPSTAIRS",0.270187595833333,-0.0287523860708333,-0.116952464895833,0.0627174721876826,0.0680584240376894,0.176274779184652
16,"LAYING",0.274227162571429,-0.0166103510562857,-0.107310493242857,0.0320595858561267,0.0676459451643533,0.059391131231109
16,"SITTING",0.280768574492754,-0.0102497939956522,-0.0891404038405797,0.0404374341548965,0.103400594361993,0.146720716520108
16,"STANDING",0.283497402948718,-0.0165999672935897,-0.103657729076923,0.0258005161100128,0.0609025696629507,0.0762283778277329
16,"WALKING",0.276023564509804,-0.0204286929452941,-0.108804049803922,0.0512837976731282,0.0584757094593491,0.0678792722677371
16,"WALKING_DOWNSTAIRS",0.295586802191489,-0.0183898583787234,-0.119873705148936,0.148354755640141,0.100185443401682,0.131015153205068
16,"WALKING_UPSTAIRS",0.255986102627451,-0.0143654945011765,-0.124074517745098,0.0480310184281802,0.0631982576583832,0.103606323570365
17,"LAYING",0.269780085577465,-0.0168462006729577,-0.107006279704225,0.0540355719064742,0.0977369886174975,0.0586384811172708
17,"SITTING",0.2773570196875,-0.014156274084375,-0.11362408509375,0.0106528045679691,0.0735869740603398,0.0646896920432567
17,"STANDING",0.277942503333333,-0.0174120064169231,-0.111432145565,0.0212510688977243,0.0600804436718402,0.0540713426215366
17,"WALKING",0.272341855245902,-0.0184875403339344,-0.109792122032787,0.0627938926492014,0.046904114986566,0.0717495535021654
17,"WALKING_DOWNSTAIRS",0.29391828326087,-0.0167359404347826,-0.0892432745173913,0.110595096112753,0.166742314046151,0.217708019754447
17,"WALKING_UPSTAIRS",0.252604768583333,-0.0228645614308333,-0.121290442104167,0.0821790377904302,0.128935062094342,0.165911923370366
18,"LAYING",0.274691576923077,-0.0173937684615385,-0.107698927907692,0.013643928320123,0.0113926836391187,0.00761615337389608
18,"SITTING",0.27727001877193,-0.0128691279736842,-0.111904775824561,0.00522049958272825,0.035353216246392,0.0330595537118076
18,"STANDING",0.278458805890411,-0.0166353518150685,-0.108453355945205,0.0080415543757328,0.0359051880961385,0.0340144068064862
18,"WALKING",0.273887758571429,-0.0178023631866071,-0.104218315464286,0.0515549798210614,0.0675141787616688,0.132178966596601
18,"WALKING_DOWNSTAIRS",0.288439468909091,-0.0168666920221818,-0.1033908092,0.0763564748374554,0.0662557635006738,0.100577760358174
18,"WALKING_UPSTAIRS",0.265401201896552,-0.0222060684378914,-0.112655891327586,0.0371843088055197,0.0750719550575475,0.0831952952530521
19,"LAYING",0.272653733493976,-0.0171426864421687,-0.10898146186747,0.0357853054749064,0.026834995670607,0.0148344726192688
19,"SITTING",0.273830316164384,-0.016739260030137,-0.10870765430137,0.0246280029649271,0.0699181023947707,0.0562221864013698
19,"STANDING",0.27817226,-0.0154244056945205,-0.10904190460274,0.0107236319300687,0.0569370299301619,0.0468490492229788
19,"WALKING",0.273931172307692,-0.0191773587903846,-0.122736673192308,0.110562815778323,0.102864743355505,0.169998975265559
19,"WALKING_DOWNSTAIRS",0.262688053871795,-0.0145942275069487,-0.133695240660974,0.17889148054409,0.177954063090739,0.32733588638676
19,"WALKING_UPSTAIRS",0.242118808925,-0.0303986615775,-0.151054607725,0.0851615487015809,0.157833695962251,0.165895391851335
20,"LAYING",0.239507882205882,-0.0144406281132353,-0.104274322538235,0.112307272881429,0.103859970794267,0.0476553084113857
20,"SITTING",0.278045439090909,-0.0147229305131818,-0.108369634515152,0.0253853371021797,0.105689852292837,0.104082003876287
20,"STANDING",0.278076904657534,-0.0180695049161644,-0.100402759931507,0.0377349801027294,0.0904819384132763,0.0838222198884552
20,"WALKING",0.272589336470588,-0.021199992245098,-0.113539477098039,0.0956881155075602,0.241278917225073,0.105944414423401
20,"WALKING_DOWNSTAIRS",0.296144421355556,-0.00964120773155556,-0.104602925937778,0.119093166855218,0.179934716473498,0.133989144236533
20,"WALKING_UPSTAIRS",0.252098317156863,-0.0282258047588235,-0.121023947784314,0.105523673604083,0.171970928287788,0.0602436399275253
21,"LAYING",0.271325472455556,-0.0184233048415556,-0.103253832233333,0.0572453757763716,0.0662887521546811,0.103086162301159
21,"SITTING",0.277539616823529,-0.0144009705494118,-0.112057887741176,0.0108297035649716,0.0506162202464594,0.0731149088856943
21,"STANDING",0.27695224258427,-0.0167084730205618,-0.110417855808989,0.0247070636980864,0.063127478683901,0.072265673785336
21,"WALKING",0.279183526730769,-0.0181610317526923,-0.104319332403846,0.0937362054995529,0.0827526468444624,0.0682241270456852
21,"WALKING_DOWNSTAIRS",0.3014610196,-0.0173195390157778,-0.09816866218,0.102235711538475,0.121647775267949,0.120123889092269
21,"WALKING_UPSTAIRS",0.265194544680851,-0.0237218695148936,-0.125414265340426,0.0723258172135942,0.11184168960936,0.0670402884291003
22,"LAYING",0.279959721194444,-0.0142629864502778,-0.110800924652778,0.0883638544282801,0.172287505351361,0.109528218603944
22,"SITTING",0.273583822709677,-0.0123468446419355,-0.105827369516129,0.0266422253507363,0.135417603200135,0.110189813434466
22,"STANDING",0.279053861587302,-0.0158563207496825,-0.104967423820635,0.023924644225708,0.0617463690929291,0.0516172655207015
22,"WALKING",0.27886459,-0.0167213607957174,-0.107112510934783,0.0569256739828474,0.0867730563025419,0.0600025480800506
22,"WALKING_DOWNSTAIRS",0.284458963861111,-0.0197999371686389,-0.1074157796,0.0836337711563487,0.0975517974317541,0.0810942591468158
22,"WALKING_UPSTAIRS",0.248391534566667,-0.0268622561133333,-0.117550861738095,0.065759902420665,0.116350683068538,0.0757253410086073
23,"LAYING",0.274038007986111,-0.0216553835833333,-0.104256776291667,0.0508435593713807,0.0233575407624266,0.0384282443183661
23,"SITTING",0.273351251617647,-0.0133945015676471,-0.103808679294118,0.0163774034169145,0.13213885084355,0.166863628474755
23,"STANDING",0.277899323235294,-0.0177475547867647,-0.1105970177575,0.0162338941604255,0.0331395912970605,0.0652638299806285
23,"WALKING",0.273211884237288,-0.0183618711932203,-0.113382994084746,0.0697607578637073,0.10657046501614,0.106102477216324
23,"WALKING_DOWNSTAIRS",0.289897411148148,-0.0162111457238889,-0.0988123712574074,0.140512895985521,0.122804104113333,0.138715910233723
23,"WALKING_UPSTAIRS",0.249995171031373,-0.0323844029237255,-0.126890616782353,0.098272456814342,0.0938974729112669,0.0906421996298169
24,"LAYING",0.272850494930556,-0.0173555210111111,-0.107236237236111,0.0384363956732963,0.0141569830219634,0.035518927749832
24,"SITTING",0.273475690147059,-0.0131255097938235,-0.103041061426471,0.0101395951837905,0.0571577598285683,0.0538854408111633
24,"STANDING",0.280348883913043,-0.0144785340348986,-0.108222553855072,0.0153110735057815,0.0487928251976201,0.0745183045529465
24,"WALKING",0.276980816034483,-0.0225446400534483,-0.110595952913793,0.0497896319051686,0.0555634343625829,0.0460876253259136
24,"WALKING_DOWNSTAIRS",0.288631208909091,-0.0145730348310909,-0.104818820272727,0.0719452594438428,0.117612215995177,0.111924414896851
24,"WALKING_UPSTAIRS",0.269881106779661,-0.0251979434569492,-0.114248610966102,0.0359405584322128,0.062138407651097,0.068408411106648
25,"LAYING",0.250791828613699,-0.0188943663671233,-0.100428830260274,0.0957858379454073,0.364904195700648,0.305101141419153
25,"SITTING",0.278541482461538,-0.0147696808030769,-0.109160440476923,0.015597519870494,0.144241616476534,0.0554315104566613
25,"STANDING",0.278013701621622,-0.0163569730274324,-0.107352957594595,0.0109437098623814,0.0436706809241329,0.0930389950856493
25,"WALKING",0.278992759054054,-0.0186477624716216,-0.108737636297297,0.0447234525652141,0.0617787835480181,0.0573215261711161
25,"WALKING_DOWNSTAIRS",0.291329666206897,-0.0210170522987931,-0.107192376965517,0.0954857202695614,0.118633118589024,0.0592533775719691
25,"WALKING_UPSTAIRS",0.277995411384615,-0.0269863524264615,-0.126210440292308,0.0607522162422172,0.100205737711189,0.0869599302423017
26,"LAYING",0.271645864540789,-0.0191895728026316,-0.105002540289474,0.0709877107271645,0.0329206205739699,0.0303737763156308
26,"SITTING",0.258243530166667,-0.00713364541358974,-0.0974448692333333,0.0513979382537458,0.166116921556369,0.10309945531091
26,"STANDING",0.281127035405405,-0.0166608306652703,-0.110237796416216,0.0114735992697172,0.0659340427236678,0.0473049689188938
26,"WALKING",0.279264443728814,-0.0154259586949153,-0.108927011474576,0.103585912262141,0.0803497264781,0.0392655584330191
26,"WALKING_DOWNSTAIRS",0.2792845828,-0.01262580966778,-0.1064396194,0.112740662776727,0.12970187909072,0.0893845471390822
26,"WALKING_UPSTAIRS",0.272691394545455,-0.0281633797398182,-0.121943461236364,0.0585760092106651,0.0942513282788176,0.0589627952558699
27,"LAYING",0.274102492432432,-0.0179867611216216,-0.107699732837838,0.0347081367062833,0.02476924578335,0.020616554792994
27,"SITTING",0.273941302571429,-0.0155269799285714,-0.105521912588571,0.0252960646682564,0.0565242191465124,0.0701581328315799
27,"STANDING",0.279566921625,-0.016593236445,-0.107835818025,0.0127408258828368,0.0683804124651616,0.0557376041581311
27,"WALKING",0.276849485438596,-0.0166478783221912,-0.112822289263158,0.0469384798422412,0.0476250602501637,0.0393416535323968
27,"WALKING_DOWNSTAIRS",0.2975441875,-0.0135564467159091,-0.112837694688636,0.122715433028295,0.12807806083195,0.136126055370079
27,"WALKING_UPSTAIRS",0.265770253921569,-0.0200953324078431,-0.123530438196078,0.0527172173989767,0.0606159802301053,0.0791820460813037
28,"LAYING",0.2759134825,-0.0167537858225,-0.1083448529625,0.0326876049167773,0.0695836075436729,0.0638638023167304
28,"SITTING",0.276977629444444,-0.0185404441258333,-0.111517939555556,0.0147280322914426,0.0578220387536588,0.0615143083856085
28,"STANDING",0.277795069113924,-0.0172635124672152,-0.106579385202532,0.0215479720711663,0.132216350529715,0.0847863541585884
28,"WALKING",0.281228223888889,-0.0156759722981481,-0.103714705396296,0.0909907953124603,0.081524893559303,0.0723809936631647
28,"WALKING_DOWNSTAIRS",0.293642076521739,-0.0220230465913043,-0.10858897408913,0.132274292318192,0.178056445011868,0.110254686625758
28,"WALKING_UPSTAIRS",0.262005841764706,-0.0279443943478431,-0.121514025692157,0.0646496160880811,0.099196225953942,0.0694586392148944
29,"LAYING",0.287295196811594,-0.0171965484202899,-0.109462068173913,0.032660333042099,0.0126022542310066,0.0281778700753941
29,"SITTING",0.2771799775,-0.016630680375,-0.1104118192,0.0186104914410517,0.0796725042268508,0.0660732894552359
29,"STANDING",0.277965065846154,-0.0172605869061538,-0.108659067476923,0.00513451573529307,0.0271287402613622,0.016627176589877
29,"WALKING",0.271999916792453,-0.0162915600588679,-0.106632427301887,0.0584137848007896,0.0672438004395114,0.0597693427869508
29,"WALKING_DOWNSTAIRS",0.293140441083333,-0.01494121505625,-0.0981339984895833,0.085420376907611,0.14984467495109,0.0884847007349228
29,"WALKING_UPSTAIRS",0.265423066877551,-0.0299465312326531,-0.118000587840816,0.0711140060583942,0.118743066218853,0.119806898687975
30,"LAYING",0.281033900571429,-0.0194494098614286,-0.1036581505,0.0263027106217518,0.0734758415244312,0.0534800699275237
30,"SITTING",0.268336081379032,-0.00804731295322581,-0.099515446133871,0.0336067935498759,0.116683407321884,0.087148826790214
30,"STANDING",0.277112699152542,-0.0170163887813559,-0.108756209835593,0.0258595487468444,0.0786375690114768,0.103961794607187
30,"WALKING",0.276406758,-0.0175880385730769,-0.0986247068969231,0.0730848027805889,0.0611519200135795,0.0657662228935481
30,"WALKING_DOWNSTAIRS",0.283190646967742,-0.0174383900204839,-0.0999781422322581,0.159725206279271,0.135545525754979,0.106559545127518
30,"WALKING_UPSTAIRS",0.271415642261538,-0.0253311698786154,-0.124697493775385,0.0978137310082657,0.103195554996455,0.126431304603853
